MON-VER - 0A 04 28 00 36 2E 30 32 20 28 33 36 30 32 33 29 00 00 00 00 00 00 00 00 00 00 00 00 00 00 00 00 00 00 30 30 30 34 30 30 30 37 00 00
CFG-ANT - 06 13 04 00 1B 00 4D A2
CFG-DAT - 06 06 02 00 00 00
CFG-FXN - 06 0E 24 00 0C 00 00 00 00 00 00 00 00 00 00 00 E8 03 00 00 E8 03 00 00 E8 03 00 00 A0 0F 00 00 00 00 00 00 00 00 00 00
CFG-INF - 06 02 0A 00 00 00 00 00 00 00 00 00 00 00
CFG-INF - 06 02 0A 00 01 00 00 00 87 87 87 87 87 87
CFG-INF - 06 02 0A 00 03 00 00 00 00 00 00 00 00 00
CFG-MSG - 06 01 08 00 01 01 00 00 00 00 00 00
CFG-MSG - 06 01 08 00 01 02 00 00 00 00 00 00
CFG-MSG - 06 01 08 00 01 03 00 00 00 00 00 00
CFG-MSG - 06 01 08 00 01 04 00 00 00 00 00 00
CFG-MSG - 06 01 08 00 01 06 00 00 00 00 00 00
CFG-MSG - 06 01 08 00 01 11 00 00 00 00 00 00
CFG-MSG - 06 01 08 00 01 12 00 00 00 00 00 00
CFG-MSG - 06 01 08 00 01 20 00 00 00 00 00 00
CFG-MSG - 06 01 08 00 01 21 00 00 00 00 00 00
CFG-MSG - 06 01 08 00 01 22 00 00 00 00 00 00
CFG-MSG - 06 01 08 00 01 30 00 00 00 00 00 00
CFG-MSG - 06 01 08 00 01 32 00 00 00 00 00 00
CFG-MSG - 06 01 08 00 02 10 00 01 00 01 00 00
CFG-MSG - 06 01 08 00 02 11 00 00 00 00 00 00
CFG-MSG - 06 01 08 00 02 20 00 00 00 00 00 00
CFG-MSG - 06 01 08 00 02 23 00 00 00 00 00 00
CFG-MSG - 06 01 08 00 02 30 00 00 00 00 00 00
CFG-MSG - 06 01 08 00 02 31 00 00 00 00 00 00
CFG-MSG - 06 01 08 00 0A 02 00 00 00 00 00 00
CFG-MSG - 06 01 08 00 0A 05 00 00 00 00 00 00
CFG-MSG - 06 01 08 00 0A 06 00 00 00 00 00 00
CFG-MSG - 06 01 08 00 0A 07 00 00 00 00 00 00
CFG-MSG - 06 01 08 00 0A 08 00 00 00 00 00 00
CFG-MSG - 06 01 08 00 0A 09 00 00 00 00 00 00
CFG-MSG - 06 01 08 00 0A 0A 00 00 00 00 00 00
CFG-MSG - 06 01 08 00 0A 20 00 00 00 00 00 00
CFG-MSG - 06 01 08 00 0A 21 00 00 00 00 00 00
CFG-MSG - 06 01 08 00 0B 00 00 00 00 00 00 00
CFG-MSG - 06 01 08 00 0B 30 00 00 00 00 00 00
CFG-MSG - 06 01 08 00 0B 31 00 00 00 00 00 00
CFG-MSG - 06 01 08 00 0B 32 00 00 00 00 00 00
CFG-MSG - 06 01 08 00 0D 01 00 00 00 00 00 00
CFG-MSG - 06 01 08 00 0D 03 00 00 00 00 00 00
CFG-MSG - 06 01 08 00 0D 04 00 00 00 00 00 00
CFG-MSG - 06 01 08 00 F0 00 01 01 01 01 01 01
CFG-MSG - 06 01 08 00 F0 01 01 01 01 01 01 01
CFG-MSG - 06 01 08 00 F0 02 01 01 01 01 01 01
CFG-MSG - 06 01 08 00 F0 03 01 01 01 01 01 01
CFG-MSG - 06 01 08 00 F0 04 01 01 01 01 01 01
CFG-MSG - 06 01 08 00 F0 05 01 01 01 01 01 01
CFG-MSG - 06 01 08 00 F0 06 00 00 00 00 00 00
CFG-MSG - 06 01 08 00 F0 07 00 00 00 00 00 00
CFG-MSG - 06 01 08 00 F0 08 01 01 01 01 01 01
CFG-MSG - 06 01 08 00 F0 09 00 00 00 00 00 00
CFG-MSG - 06 01 08 00 F0 0A 00 00 00 00 00 00
CFG-MSG - 06 01 08 00 F1 00 00 00 00 00 00 00
CFG-MSG - 06 01 08 00 F1 03 00 00 00 00 00 00
CFG-MSG - 06 01 08 00 F1 04 00 00 00 00 00 00
CFG-NAV5 - 06 24 24 00 FF FF 02 03 00 00 00 00 10 27 00 00 05 00 FA 00 FA 00 64 00 2C 01 00 00 00 00 00 00 00 00 00 00 00 00 00 00
CFG-NAVX5 - 06 23 28 00 00 00 FF 1F FF FF FF FF 03 02 01 10 0A 00 00 01 00 00 F8 05 00 00 00 00 01 01 00 00 00 00 00 00 00 00 00 00 00 00 00 00
CFG-NMEA - 06 17 04 00 00 23 00 00
CFG-PM - 06 32 18 00 00 06 00 00 04 81 00 00 88 13 00 00 E8 03 00 00 00 00 00 00 01 00 00 00
CFG-PRT - 06 00 14 00 00 12 42 00 84 00 00 00 00 00 00 00 03 00 03 00 00 00 00 00
CFG-PRT - 06 00 14 00 01 12 42 00 C0 08 00 00 80 25 00 00 01 00 01 00 00 00 00 00
CFG-PRT - 06 00 14 00 02 12 42 00 C0 08 00 00 80 25 00 00 00 00 00 00 00 00 00 00
CFG-PRT - 06 00 14 00 03 12 42 00 00 00 00 00 00 00 00 00 01 00 01 00 00 00 00 00
CFG-RATE - 06 08 06 00 30 75 01 00 01 00
CFG-RXM - 06 11 02 00 00 00
CFG-SBAS - 06 16 08 00 00 03 03 00 D5 CA 06 00
CFG-TMODE - 06 1D 1C 00 00 00 00 00 00 00 00 00 00 00 00 00 00 00 00 00 00 00 00 00 00 00 00 00 00 00 00 00
CFG-TP - 06 07 14 00 80 C3 C9 01 A0 86 01 00 FF 01 00 00 32 00 00 00 00 00 00 00
CFG-TP5 - 06 31 20 00 00 12 42 00 32 00 00 00 80 C3 C9 01 80 C3 C9 01 00 00 00 00 A0 86 01 00 00 00 00 00 B7 00 00 00
CFG-USB - 06 1B 6C 00 46 15 A6 01 00 00 00 00 64 00 00 00 75 2D 62 6C 6F 78 20 41 47 20 2D 20 77 77 77 2E 75 2D 62 6C 6F 78 2E 63 6F 6D 00 00 00 00 00 00 75 2D 62 6C 6F 78 20 36 20 20 2D 20 20 47 50 53 20 52 65 63 65 69 76 65 72 00 00 00 00 00 00 00 00 00 00 00 00 00 00 00 00 00 00 00 00 00 00 00 00 00 00 00 00 00 00 00 00 00 00 00 00 00 00 00
CFG-CFG - 06 09 0D 00 00 00 00 00 FF FF 00 00 00 00 00 00 07